







                                                                                   111122
                                                                    2    11    111111111111           1222
                                        1   111111                111111111    111111111111        1111111
   p         1111112                    122211111111122221222212221111111112222111111111111221111111111111111111111
111111111111111111111111        11111111111111111111111111111111111111111111111111111111111111111111111111111111111
1111111111111111111111111111111111111111111111111111111111111111111111111111111111111111111111111111111111111111111