








                                                2                               211111                 2      1 
            2112                   22           1                           1111111111                 1     112222      22
   p     22111111221221122221    11111112222111111112221122221           1111111111111221122211222211111111111111111111111111
11111111111111111111111111111222211111111111111111111111111111222212  2111111111111111111111111111111111111111111111111111111
11111111111111111111111111111111111111111111111111111111111111111111221111111111111111111111111111111111111111111111111111111